Karelia  (1722,265)  (1676,310)  (1676,264)  (1767,311)  (1722,219)  (1768,219)  (1768,265)  (1674,218)  (1721,356)  (1813,311)  (1783,357)  (1720,173)  (1814,258)  (1672,172)
Central China  (2650,822)  (2604,867)  (2604,821)  (2682,868)  (2650,776)  (2696,776)  (2696,822)  (2602,775)  (2636,913)  (2648,730)  (2694,730)  (2582,729)
Tver  (2107,297)  (2061,342)  (2126,251)
Baltic Sea - 10 Sea Zone  (1306,447)  (1260,481)  (1336,401)  (1352,447)  (1382,397)  (1214,459)  (1168,452)
South Pacific - 82 Sea Zone  (3287,1393)  (3287,1439)  (3287,1485)  (3287,1531)  (3287,1577)  (3333,1392)  (3333,1438)  (3333,1484)  (3339,1561)  (3396,1579)  (3458,1595)  (3513,1596)  (3510,1546)  (3520,1452)  (3514,1398)  (3460,1431)  (3397,1437)  (3392,1387)
South Pacific - 93 Sea Zone  (3675,1835)  (3675,1881)  (3725,1855)  (3778,1889)  (3839,1887)  (3838,1837)  (3839,1780)  (3788,1729)  (3846,1727)  (3751,1677)  (3810,1675)  (3838,1624)  (3785,1622)
Stalingrad  (1907,706)  (1861,742)  (1861,696)  (1951,752)  (1907,660)  (1953,660)  (1953,706)
South Pacific - 98 Sea Zone  (4204,2178)  (4158,2223)  (4158,2177)  (4249,2224)  (4204,2132)  (4250,2132)  (4250,2178)  (4156,2131)  (4203,2269)  (4157,2269)  (4112,2223)  (4112,2177)  (4295,2224)  (4295,2270)  (4249,2270)  (4111,2270)  (4202,2086)  (4248,2086)  (4294,2086)  (4296,2132)  (4296,2178)  (4110,2131)  (4110,2085)  (4156,2085)  (4340,2042)  (4066,2224)  (4066,2178)  (4341,2224)  (4341,2270)  (4065,2303)  (4202,2040)  (4248,2040)  (4294,2040)  (4342,2088)  (4342,2134)  (4064,2132)  (4064,2086)  (4064,2040)  (4110,2039)  (4156,2039)
Southern Japan  (3380,837)  (3432,844)  (3426,789)  (3361,886)  (3330,932)  (3293,951)  (3309,865)  (3257,879)  (3221,937)
Artic - 64 Sea Zone  (3991,51)  (3945,91)  (3945,45)  (4036,97)  (3991,5)  (4082,106)
Low Countries  (1030,569)  (982,586)  (933,608)  (1078,567)  (1070,521)  (1126,543)  (1127,495)
Papua  (3334,1780)  (3382,1759)  (3285,1757)  (3217,1713)
South Siberia  (2688,333)  (2642,344)  (2734,324)  (2596,333)  (2780,322)  (2550,331)  (2826,321)  (2504,336)  (2872,316)
South Pacific - 86 Sea Zone  (3317,1719)  (3369,1711)  (3315,1668)  (3408,1648)  (3362,1657)  (3259,1688)  (3208,1660)  (3195,1793)  (3307,1839)  (3243,1842)  (3194,1841)
Bering Sea - 62 Sea Zone  (3603,232)  (3557,231)  (3616,278)  (3676,148)  (3616,324)  (3495,339)  (3722,106)  (3616,370)  (3527,385)  (3481,385)  (3449,339)  (3435,399)  (3768,65)  (3616,416)  (3403,353)  (3718,31)  (3814,21)  (3389,429)  (3764,19)  (3357,383)  (3357,337)  (3311,366)
Caribbean - 18 Sea Zone  (38,1119)  (84,1119)  (87,1062)  (130,1123)  (176,1134)  (202,1180)  (248,1161)  (250,1061)  (271,1207)  (294,1161)  (296,1061)  (317,1207)
Mid-Atlantic - 16 Sea Zone  (253,961)  (207,1006)  (207,960)  (298,1007)  (253,915)  (299,915)  (299,961)  (205,914)  (161,1015)  (251,869)  (297,869)  (182,868)  (115,1015)  (90,969)  (69,1015)  (44,954)  (41,1071)
South Pacific - 79 Sea Zone  (4145,1247)  (4099,1292)  (4099,1246)  (4190,1293)  (4145,1201)  (4191,1201)  (4191,1247)  (4097,1200)  (4144,1338)  (4098,1338)  (4236,1293)  (4236,1339)  (4190,1339)  (4143,1155)  (4189,1155)  (4237,1161)  (4237,1207)  (4062,1154)  (4144,1384)  (4098,1384)  (4247,1385)  (4201,1385)  (4108,1109)  (4154,1109)  (4062,1108)
Kazakh  (2141,772)  (2095,775)  (2095,729)  (2186,818)  (2141,726)  (2187,726)  (2187,772)  (2140,821)  (2051,683)  (2049,772)  (2097,680)  (2143,680)  (2233,727)  (2044,637)
Belgian Congo  (1282,1767)  (1236,1812)  (1236,1766)  (1307,1813)  (1282,1721)  (1328,1721)  (1328,1767)  (1234,1720)  (1261,1858)  (1318,1675)  (1364,1675)  (1374,1721)  (1410,1639)  (1307,1901)  (1261,1904)  (1420,1685)
Mexico  (4329,970)  (4283,975)  (4283,929)  (4354,1016)  (4329,924)
Wake Island  (3588,1275)
Southern France  (981,895)  (934,877)  (981,844)  (1031,846)
Philipines  (3088,1385)  (3133,1396)  (3041,1443)  (3138,1461)
Northeast US  (160,753)  (114,798)  (114,752)  (160,707)  (206,707)  (112,706)  (68,804)  (68,758)  (236,661)  (282,639)  (209,752)  (258,708)  (334,618)
Irkusk  (2818,465)  (2772,491)  (2838,511)  (2775,419)  (2828,414)
Northwest France  (919,721)  (873,766)  (873,720)  (964,767)  (919,675)  (965,675)  (965,721)  (871,674)  (904,812)  (858,812)  (1011,736)  (868,858)  (829,645)  (917,766)
South Pacific - 75 Sea Zone  (3123,1216)  (3077,1261)  (3077,1215)  (3143,1262)  (3123,1170)  (3169,1170)  (3169,1216)  (3084,1307)  (3038,1307)  (3031,1261)  (3031,1215)  (3169,1124)  (3215,1124)  (3215,1170)  (2992,1346)  (3044,1353)  (2985,1300)  (2985,1254)  (2946,1368)  (2939,1322)  (2939,1276)
North China Plain  (2966,823)  (2920,834)  (2920,788)  (2992,869)
Indo China  (2783,1274)  (2737,1318)  (2809,1320)  (2759,1228)  (2829,1250)  (2749,1182)  (2795,1160)  (2720,1136)  (2671,1120)  (2801,1114)  (2660,1074)
Northern Ireland  (774,195)  (736,165)
Sea of Japan - 69 Sea Zone  (3286,774)  (3240,819)  (3240,773)  (3286,728)  (3332,728)  (3238,727)  (3305,682)  (3351,682)  (3378,728)  (3192,753)  (3200,877)  (3322,636)  (3154,913)  (3108,939)  (3058,874)
Mediterranean - 35 Sea Zone  (1486,1071)  (1536,1072)
Adriatic - 34 Sea Zone  (1324,1043)  (1278,1017)  (1370,1054)  (1228,984)
Dzugarian Basin  (2488,718)  (2442,763)  (2509,764)  (2514,672)
Soviet Far East  (3341,100)  (3295,145)  (3295,99)  (3386,146)  (3341,54)  (3387,54)  (3387,100)  (3293,53)  (3340,191)  (3294,191)  (3249,145)  (3249,99)  (3432,146)  (3428,192)  (3248,192)  (3339,8)  (3385,8)  (3431,8)  (3433,54)  (3433,100)  (3247,53)  (3477,0)  (3382,237)  (3336,237)  (3203,146)  (3479,46)  (3523,0)  (3569,0)
Burma  (2586,1171)  (2537,1180)  (2599,1125)  (2597,1225)
Indian Ocean - 61 Sea Zone  (2953,2283)  (2907,2303)  (2907,2257)  (2999,2238)  (2999,2284)  (2861,2303)  (2861,2257)  (3045,2238)  (3045,2284)  (2815,2303)  (2815,2257)  (2769,2303)  (2769,2257)  (2723,2303)  (2723,2257)  (3201,2303)  (2677,2303)  (2677,2257)  (3247,2291)
Gibralta  (782,1064)
West Solomons  (3651,1709)
Pacific - 71 Sea Zone  (3697,954)  (3651,999)  (3651,953)  (3742,1000)  (3697,908)  (3743,908)  (3743,954)  (3649,907)  (3696,1045)  (3650,1045)  (3605,999)  (3605,953)  (3788,1000)  (3788,1046)  (3742,1046)  (3604,1046)  (3695,862)  (3741,862)  (3787,862)  (3789,908)  (3789,954)  (3603,907)  (3603,861)  (3649,861)
Belarussia  (1742,525)  (1696,564)  (1768,571)  (1756,479)  (1788,525)  (1802,465)  (1760,419)
South Pacific - 96 Sea Zone  (3614,2274)  (3623,2228)  (3339,2303)
South Pacific - 84 Sea Zone  (3911,1374)  (3865,1399)  (3865,1353)  (3956,1420)  (3911,1328)  (3957,1328)  (3957,1374)  (3910,1445)  (3819,1399)  (3819,1353)  (4002,1420)  (4003,1322)  (4003,1368)  (3773,1399)  (3773,1353)
Mongolia  (2735,615)  (2689,660)  (2689,614)  (2780,661)  (2735,569)  (2781,571)  (2687,568)  (2643,648)  (2826,617)  (2641,602)  (2847,571)  (2893,592)
Indian Ocean - 43 Sea Zone  (2538,1358)  (2492,1403)  (2492,1357)  (2583,1404)  (2538,1312)  (2584,1312)  (2584,1358)  (2490,1311)  (2537,1449)  (2491,1449)  (2596,1450)  (2536,1266)  (2486,1265)
Korea  (3128,794)  (3142,840)  (3110,748)
Thialand  (2672,1243)  (2650,1197)  (2647,1397)  (2714,1475)
Egypt  (1458,1277)  (1412,1283)  (1503,1323)  (1446,1231)  (1389,1237)  (1457,1350)  (1528,1369)  (1482,1396)  (1436,1396)
Southwest Canada  (4273,499)  (4227,544)  (4227,498)  (4318,545)  (4273,453)  (4319,454)  (4225,452)  (4181,547)  (4181,501)  (4179,455)  (4135,520)  (4133,474)
Northern Japan  (3424,573)  (3474,564)  (3431,700)
Crete  (1423,1140)  (1475,1144)
West Poland  (1326,638)  (1373,622)  (1375,671)  (1419,625)  (1276,636)  (1305,591)
English Channel - 8 Sea Zone  (903,522)  (857,567)  (857,521)  (949,495)
Russia  (2190,412)  (2144,457)  (2144,411)  (2235,458)  (2190,366)  (2236,366)  (2236,412)  (2189,503)  (2143,503)  (2098,457)  (2098,411)  (2250,504)  (2097,504)  (2185,320)  (2231,320)  (2277,320)  (2282,366)  (2323,280)  (2204,549)  (2158,549)  (2250,550)  (2112,550)  (2230,274)  (2328,326)  (2369,280)  (2204,595)  (2158,595)  (2270,596)  (2374,326)  (2224,641)  (2420,308)
New Zealand  (3866,2032)  (3825,2053)  (3762,2181)
Angola  (1277,2022)  (1290,2068)  (1244,2068)  (1255,1976)  (1323,1993)
Mid-Atlantic - 17 Sea Zone  (476,915)  (430,938)  (430,892)  (476,869)  (522,869)  (522,915)  (406,846)  (386,800)  (432,800)  (386,754)  (432,754)
Southeast US  (95,871)  (136,914)  (41,861)
Greece  (1433,1003)  (1484,1020)  (1424,1049)  (1437,1086)
Kamchatka  (3560,150)  (3514,178)  (3531,104)  (3577,104)  (3623,87)  (3496,224)  (3537,284)
Ukraine  (1708,694)  (1662,739)  (1662,693)  (1708,648)  (1754,648)  (1754,694)  (1616,704)
Leningrad  (1606,270)  (1555,269)  (1546,316)  (1605,318)  (1533,220)
Pacific - 70 Sea Zone  (3441,980)  (3395,1025)  (3395,979)  (3486,1026)  (3441,934)  (3487,934)  (3487,980)  (3349,1047)  (3349,1001)  (3532,1026)  (3483,888)  (3529,888)  (3533,934)  (3533,980)  (3303,1047)  (3491,842)  (3491,796)  (3183,1009)
Portugal-Spain  (732,927)  (686,972)  (686,926)  (777,973)  (732,881)  (778,887)  (731,1018)  (685,1018)  (823,933)  (869,912)
Siberia  (2421,68)  (2375,113)  (2375,67)  (2466,114)  (2421,22)  (2467,22)  (2467,68)  (2373,21)  (2420,159)  (2374,159)  (2329,113)  (2329,67)  (2512,114)  (2512,160)  (2466,160)  (2328,160)  (2513,0)  (2513,46)  (2327,21)  (2420,205)  (2374,205)  (2283,114)  (2283,68)  (2558,92)  (2558,138)  (2558,184)  (2512,206)  (2466,206)  (2328,206)  (2282,206)  (2282,160)  (2559,0)  (2559,46)  (2281,22)  (2582,230)  (2237,114)  (2237,68)  (2604,92)  (2604,138)  (2604,184)  (2536,252)  (2490,252)  (2236,218)  (2236,172)  (2605,0)  (2605,46)  (2235,22)  (2628,230)  (2191,126)  (2191,80)  (2650,92)  (2650,138)  (2650,184)  (2190,206)  (2651,0)  (2651,46)  (2189,34)  (2674,230)  (2686,276)  (2145,160)  (2145,114)  (2696,92)  (2696,138)  (2696,184)  (2697,0)  (2697,46)  (2143,68)  (2143,22)  (2720,230)  (2099,149)  (2742,92)  (2742,138)  (2742,184)  (2743,0)  (2743,46)  (2097,103)  (2097,57)  (2097,11)  (2766,230)  (2788,92)  (2788,138)  (2788,184)  (2789,0)  (2789,46)  (2051,129)  (2812,230)  (2834,92)  (2834,138)  (2834,184)  (2835,0)  (2835,46)  (2858,230)  (2880,92)  (2880,138)  (2880,184)  (2881,0)  (2881,46)  (2904,230)  (2926,92)  (2926,138)  (2926,184)  (2927,0)  (2927,46)  (2950,230)  (2972,92)  (2972,138)  (2972,184)  (2973,0)  (2973,46)  (3018,92)  (3018,138)  (3018,184)  (3019,0)  (3019,46)  (3064,92)  (3064,138)  (3064,184)  (3065,0)  (3065,46)  (3110,92)  (3110,138)  (3111,0)  (3111,46)  (3157,0)  (3157,46)
Papua New Guinea  (3404,1806)  (3455,1818)
Pacific - 67 Sea Zone  (3879,662)  (3833,707)  (3833,661)  (3924,708)  (3879,616)  (3925,616)  (3925,662)  (3831,615)  (3878,753)  (3832,753)  (3970,708)  (3970,754)  (3924,754)  (3786,754)  (3877,570)  (3923,570)  (3969,570)  (3971,616)  (3971,662)  (3785,660)  (3785,614)  (3831,569)  (3784,568)  (3877,524)  (3830,523)  (3772,522)
Indian Ocean - 49 Sea Zone  (2818,1652)  (2772,1647)  (2850,1698)  (2818,1606)  (2766,1601)  (2896,1728)
South Atlantic - 30 Sea Zone  (1133,2205)  (1087,2250)  (1087,2204)  (1178,2251)  (1133,2159)  (1179,2159)  (1179,2205)  (1085,2158)  (1132,2296)  (1086,2296)  (1041,2250)  (1041,2204)  (1224,2251)  (1224,2297)  (1178,2297)  (1040,2297)  (1131,2113)  (1225,2144)  (1225,2190)  (1039,2158)  (1039,2112)  (1085,2112)  (1270,2256)  (1270,2302)  (1131,2067)  (1039,2066)  (1085,2066)  (1131,2021)  (1039,2020)  (1085,2020)  (1177,2017)  (1131,1975)  (1039,1974)  (1085,1974)  (1177,1971)
Rio De Oro  (707,1478)
North Atlantic - 5 Sea Zone  (1647,21)  (1601,20)  (1693,0)  (1733,46)  (1739,0)
Borneo  (2997,1622)  (2951,1625)  (3014,1668)
Indian Ocean - 50 Sea Zone  (3052,1797)  (3006,1842)  (3006,1796)  (3097,1843)  (3052,1751)  (3098,1751)  (3098,1797)  (3004,1750)  (2960,1845)  (2960,1799)  (3134,1705)  (2958,1753)  (2914,1845)  (2868,1845)
Bombay  (2219,1275)  (2233,1317)  (2196,1224)  (2210,1176)  (2245,1223)  (2273,1271)
South Pacific - 100 Sea Zone  (1,1193)
Pacific - 68 Sea Zone  (3979,482)  (3936,436)  (4025,469)
Northwest Territories  (4242,267)  (4196,312)  (4196,266)  (4287,313)  (4242,221)  (4288,221)  (4288,267)  (4194,220)  (4241,358)  (4195,358)  (4150,312)  (4150,266)  (4333,313)  (4333,359)  (4287,359)  (4149,359)  (4240,175)  (4286,175)  (4332,175)  (4334,221)  (4334,267)  (4148,220)  (4148,174)  (4194,174)  (4104,313)  (4104,267)  (4332,405)  (4103,398)  (4240,129)  (4286,129)  (4332,129)  (4102,221)  (4102,175)  (4194,93)  (4058,352)  (4058,306)  (4240,83)  (4286,83)  (4332,83)  (4056,260)  (4056,214)  (4147,67)  (4193,47)  (4239,37)  (4285,37)  (4331,37)  (4102,21)  (4148,1)
Scotland  (885,171)  (849,121)  (896,120)  (929,72)  (880,70)  (833,72)  (878,28)
Donbas  (1744,786)  (1694,807)  (1799,787)  (1749,834)  (1727,892)  (1781,886)
South Pacific - 92 Sea Zone  (3592,1955)  (3546,1969)  (3546,1923)  (3629,2001)  (3592,1909)  (3629,2047)  (3629,2093)  (3427,1917)  (3273,1895)
Indian Ocean - 58 Sea Zone  (1560,2263)  (1514,2303)  (1514,2257)  (1560,2217)  (1606,2263)  (1507,2211)  (1468,2303)  (1468,2257)  (1483,2165)  (1422,2303)  (1376,2303)
Okinawa  (3333,1273)
North Atlantic - 12 Sea Zone  (242,802)  (290,803)  (340,803)  (335,752)  (287,752)  (339,704)  (357,655)
Persia  (2030,1089)  (1984,1125)  (1984,1079)  (2076,1055)  (2122,1058)
Sweden  (1253,353)
Himalaya  (2486,1053)  (2440,1089)  (2440,1043)  (2531,1099)  (2532,1010)  (2394,1065)  (2394,1019)  (2578,1009)  (2624,979)
Southern Italy  (1250,1098)  (1244,1052)  (1202,1032)
Pacific - 74 Sea Zone  (3064,1089)  (3071,1043)  (3117,1038)
North Atlantic - 14 Sea Zone  (636,780)  (590,798)  (590,752)  (652,734)  (544,798)  (544,752)  (651,688)  (498,798)  (498,752)  (651,642)  (651,596)
West Coast  (4199,750)  (4248,737)  (4210,800)  (4212,847)  (4165,798)  (4149,748)  (4150,696)  (4193,701)
North Atlantic - 4 Sea Zone  (1118,49)  (1072,94)  (1072,48)  (1163,95)  (1118,3)  (1164,3)  (1164,49)  (1070,2)  (1026,124)  (1026,78)  (1209,95)  (1210,0)  (1210,46)  (1024,32)  (980,124)  (1256,0)  (1256,46)  (978,19)  (1302,0)  (1348,0)
Baltic Sea - 11 Sea Zone  (1381,319)  (1335,311)  (1326,265)  (1458,321)
Kenya  (1459,1829)  (1413,1874)  (1413,1828)  (1504,1875)  (1463,1783)  (1505,1829)  (1509,1779)  (1367,1881)  (1500,1733)
Southwest US  (4349,843)  (4300,839)  (4276,796)
Midway  (3752,697)
Nunavut  (5,101)  (48,147)  (2,147)  (0,55)  (46,55)  (51,101)  (92,49)  (22,193)  (0,9)  (46,9)  (97,95)  (138,47)  (143,93)  (184,28)
England-Wales  (918,357)  (872,382)  (872,336)  (963,403)  (918,311)  (917,428)  (914,265)  (863,433)  (969,353)  (962,284)  (824,366)
Peru  (122,1532)  (76,1516)  (167,1578)  (168,1507)  (49,1470)  (213,1553)
Indian Ocean - 53 Sea Zone  (2409,1950)  (2363,1995)  (2363,1949)  (2454,1996)  (2409,1904)  (2455,1904)  (2455,1950)  (2361,1903)  (2317,2018)  (2317,1972)  (2500,1996)  (2407,1858)  (2453,1858)  (2499,1858)  (2501,1904)  (2501,1950)  (2315,1926)  (2315,1880)  (2361,1857)  (2292,1834)  (2545,1814)  (2271,2018)  (2271,1972)  (2546,1996)  (2407,1812)  (2453,1812)  (2499,1812)  (2547,1860)  (2547,1906)  (2269,1926)  (2269,1880)  (2338,1811)
Mid-Atlantic - 20 Sea Zone  (644,1116)  (598,1156)  (598,1110)  (690,1084)  (690,1130)  (591,1064)  (572,1018)  (605,906)  (605,860)
West Russia  (1957,486)  (1911,531)  (1911,485)  (2002,532)  (1957,440)  (2003,440)  (2003,486)  (1909,439)  (1926,577)  (1880,577)  (1865,485)  (2028,578)  (1863,439)
Sichuan Basin  (2762,1005)  (2716,1024)  (2716,978)  (2794,1051)  (2762,959)  (2808,965)  (2711,932)
Mediterranean - 32 Sea Zone  (1211,1107)  (1025,956)  (1021,1006)  (1183,1072)  (1109,1039)
Sardinia  (1055,1053)  (1070,980)
Black Sea - 36 Sea Zone  (1730,973)  (1684,996)  (1684,950)  (1776,935)  (1661,904)  (1638,999)  (1638,953)  (1822,935)
English Channel - 9 Sea Zone  (1044,305)  (1007,259)  (1062,360)  (1053,242)  (986,213)  (1085,406)  (1032,196)  (1078,187)  (1039,436)
Indian Ocean - 46 Sea Zone  (2064,1664)  (2018,1706)  (2018,1660)  (2109,1710)  (2064,1618)  (2110,1618)  (2110,1664)  (2013,1614)  (1972,1706)  (1972,1660)  (2155,1710)  (2155,1756)  (2109,1756)  (2156,1598)  (2156,1644)  (1967,1614)  (1926,1706)  (1926,1660)  (2201,1690)  (2201,1736)  (2201,1782)  (2155,1802)  (2109,1802)  (2202,1598)  (2202,1644)  (1921,1614)
South Pacific - 76 Sea Zone  (3287,1094)  (3287,1140)  (3287,1186)  (3287,1232)  (3287,1278)  (3287,1324)  (3333,1093)  (3333,1139)  (3333,1185)  (3336,1340)  (3388,1343)  (3388,1291)  (3388,1232)  (3390,1183)  (3391,1133)  (3441,1101)  (3442,1152)  (3444,1208)  (3443,1259)  (3443,1316)
Manchuria  (3079,605)  (3033,650)  (3033,604)  (3124,651)  (3079,559)  (3125,559)  (3125,605)  (3031,558)  (3043,696)  (2997,696)  (2987,650)  (2987,604)  (3170,651)  (3077,513)  (3123,513)  (3171,523)  (3171,569)  (2951,713)  (3216,615)  (3078,467)  (3217,550)  (3262,614)
Rhodesia  (1416,1986)  (1370,1947)  (1441,2032)  (1462,1946)
Syria-Jordan  (1624,1214)  (1670,1191)  (1670,1237)  (1716,1155)  (1690,1282)  (1559,1212)
East Prussia  (1391,537)  (1417,492)  (1439,539)  (1390,584)  (1340,542)
Indian Ocean - 42 Sea Zone  (2404,1489)  (2358,1534)  (2358,1488)  (2449,1535)  (2404,1443)  (2358,1442)  (2495,1513)  (2404,1397)  (2541,1513)  (2382,1351)  (2428,1351)  (2396,1305)
Caroline Islands  (3463,1488)  (3387,1519)
North Atlantic - 2 Sea Zone  (593,251)  (547,271)  (547,225)  (630,297)  (594,205)  (510,179)  (676,333)  (464,183)  (722,321)  (459,137)  (432,91)  (768,276)  (768,322)  (386,101)  (386,55)  (814,258)  (361,9)
Indian Ocean - 54 Sea Zone  (2749,2037)  (2703,2082)  (2703,2036)  (2794,2083)  (2749,1991)  (2795,1991)  (2795,2037)  (2701,1990)  (2748,2128)  (2702,2128)  (2657,2082)  (2657,2036)  (2840,2083)  (2840,2129)  (2794,2129)  (2656,2129)  (2747,1945)  (2793,1945)  (2839,1945)  (2841,1991)  (2841,2037)  (2655,1990)  (2655,1944)  (2701,1944)  (2748,2174)  (2702,2174)  (2611,2083)  (2611,2037)  (2877,2175)  (2831,2175)  (2656,2175)  (2610,2175)  (2610,2129)  (2747,1899)  (2793,1899)  (2839,1899)  (2609,1991)  (2609,1945)  (2609,1899)  (2655,1898)  (2701,1898)
Indian Ocean - 44 Sea Zone  (2846,1463)  (2800,1508)  (2800,1462)  (2888,1509)  (2846,1417)  (2798,1416)  (2851,1371)  (2752,1416)
South Pacific - 77 Sea Zone  (3587,1134)  (3541,1179)  (3541,1133)  (3632,1180)  (3633,1093)  (3678,1139)  (3678,1185)  (3679,1093)
Tobruk  (1199,1240)  (1252,1253)  (1302,1237)
Baltic States  (1521,429)  (1475,468)  (1475,422)  (1532,475)  (1521,383)  (1567,383)  (1567,429)  (1473,376)  (1503,521)
French Equatorial Africa  (3588,1275)  (1054,1408)  (1103,1413)  (1053,1456)  (1100,1462)  (1151,1486)  (1156,1432)  (1205,1483)  (1262,1489)  (1011,1450)  (1008,1401)
South Atlantic - 26 Sea Zone  (1067,1754)  (1021,1758)  (1021,1712)  (1112,1800)  (1067,1708)  (1113,1708)  (1113,1754)  (1066,1804)  (978,1666)  (975,1758)  (975,1712)  (1152,1846)  (1106,1850)  (1060,1850)  (929,1758)  (929,1712)  (1171,1892)  (1125,1896)  (1079,1896)  (883,1758)  (883,1712)  (837,1758)  (837,1712)
South Atlantic - 27 Sea Zone  (553,1959)  (507,2004)  (507,1958)  (598,2005)  (553,1913)  (599,1913)  (599,1959)  (505,1912)  (552,2050)  (506,2050)  (461,2004)  (461,1958)  (644,2005)  (644,2051)  (598,2051)  (460,2051)  (551,1867)  (597,1867)  (643,1867)  (645,1913)  (645,1959)  (459,1912)  (459,1866)  (505,1866)  (415,2005)  (415,1959)  (414,2081)  (551,1821)  (597,1821)  (643,1821)  (413,1913)  (413,1867)  (413,1821)  (459,1820)  (505,1820)
Great Plains  (4335,678)  (4354,724)  (4308,724)  (4312,632)  (4354,598)
South Pacific - 90 Sea Zone  (4059,1661)  (4013,1706)  (4013,1660)  (4104,1707)  (4059,1615)  (4105,1615)  (4105,1661)  (3967,1751)  (3967,1705)  (3967,1659)  (4150,1707)  (4062,1569)  (4108,1569)  (4151,1615)  (4151,1661)  (4154,1566)  (3921,1751)  (3921,1705)  (3921,1659)  (4062,1523)  (4108,1523)  (4154,1520)  (4062,1477)  (4108,1477)  (4154,1474)
South Pacific - 95 Sea Zone  (4274,1860)  (4228,1905)  (4228,1859)  (4319,1906)  (4274,1814)  (4320,1814)  (4320,1860)  (4226,1813)  (4273,1951)  (4227,1951)  (4354,1952)  (4272,1768)  (4318,1768)  (4200,1767)  (4246,1722)  (4292,1722)  (4338,1722)  (4200,1721)
South Pacific - 85 Sea Zone  (3062,1542)  (3097,1588)  (3140,1588)  (2939,1545)  (2896,1650)  (2939,1687)  (3138,1661)  (3114,1542)  (3137,1543)
South Atlantic - 25 Sea Zone  (535,1702)  (489,1747)  (489,1701)  (580,1748)  (535,1656)  (581,1656)  (581,1702)  (487,1655)  (443,1758)  (443,1712)  (626,1748)  (627,1661)  (441,1666)  (672,1707)  (672,1753)  (718,1706)  (718,1752)  (764,1706)  (764,1752)
East Poland  (1455,688)  (1504,686)  (1555,664)  (1479,638)  (1531,614)  (1585,609)  (1560,563)  (1491,586)
South Pacific - 99 Sea Zone  (35,1756)  (64,1802)  (18,1802)  (0,1710)  (46,1710)  (67,1848)  (21,1848)  (0,1664)  (46,1664)  (78,1894)  (32,1894)  (0,1618)  (46,1618)  (0,1572)  (46,1572)
Turkey  (1735,1065)  (1689,1094)  (1781,1042)  (1781,1088)  (1643,1106)  (1827,1039)  (1827,1085)  (1873,1040)
North Atlantic - 15 Sea Zone  (753,719)  (792,765)  (746,765)  (719,673)  (765,673)  (719,627)  (765,600)
Central US  (3,746)  (12,792)  (0,700)  (0,654)  (0,608)  (37,578)
Mediterranean - 33 Sea Zone  (1288,1172)  (1242,1195)  (1301,1126)  (1347,1113)
Caspian Sea - 38 Sea Zone  (2041,908)  (2060,954)  (2014,862)  (2065,1000)
Caucus  (1935,928)  (1889,901)  (1984,954)  (1985,1000)  (1929,980)  (1947,871)  (1893,848)
East Indes  (2726,1705)  (2766,1751)  (2684,1659)  (2675,1613)
Mozambique  (1488,2055)
Romania  (1547,831)  (1533,877)  (1516,785)  (1562,785)  (1593,849)  (1548,739)
Indian Ocean - 48 Sea Zone  (2673,1819)  (2627,1845)  (2627,1799)  (2719,1802)  (2608,1753)  (2765,1817)  (2608,1707)  (2608,1661)  (2608,1615)  (2608,1569)  (2654,1541)  (2608,1523)
Minsk  (1680,473)  (1627,504)  (1632,448)  (1679,429)
North Atlantic - 3 Sea Zone  (725,69)  (679,114)  (679,68)  (725,23)  (771,23)  (771,69)  (775,115)  (633,151)  (633,105)
South Pacific - 87 Sea Zone  (3490,1727)  (3521,1773)  (3457,1681)  (3503,1681)  (3521,1819)  (3397,1849)  (3479,1773)
Saudi Arabia  (1830,1364)  (1784,1409)  (1784,1363)  (1830,1318)  (1876,1318)  (1876,1364)  (1741,1455)  (1738,1409)  (1738,1363)  (1862,1272)  (1908,1272)  (1922,1318)  (1954,1255)  (1692,1397)  (1692,1351)  (1885,1226)  (1968,1301)  (2000,1249)
Rhine-Ruhr  (1046,671)  (1094,671)  (1103,622)  (1080,717)  (1053,622)
Mid-Atlantic - 21 Sea Zone  (481,1290)  (435,1335)  (435,1289)  (526,1336)  (481,1244)  (527,1244)  (527,1290)  (433,1243)  (389,1315)  (387,1269)  (387,1223)
Quebec  (326,427)  (280,472)  (280,426)  (371,473)  (326,381)  (372,381)  (372,427)  (278,380)  (325,518)  (279,518)  (234,472)  (234,426)  (233,519)  (324,335)  (370,335)  (416,335)  (418,381)  (418,427)  (271,334)  (402,555)  (303,564)  (317,289)  (464,396)  (271,288)  (274,242)
Indian Ocean - 51 Sea Zone  (1699,1913)  (1653,1958)  (1653,1912)  (1745,1871)  (1745,1917)  (1752,1963)  (1638,2004)  (1607,1958)  (1607,1912)  (1791,1871)  (1791,1917)  (1794,2009)  (1798,1963)  (1592,2019)  (1561,1973)  (1561,1927)  (1837,1871)  (1837,1917)  (1840,2009)  (1844,1963)  (1585,2065)  (1539,2083)
Ireland  (702,227)
South Atlantic - 24 Sea Zone  (318,1895)  (272,1940)  (272,1894)  (362,1941)  (318,1849)  (270,1848)  (316,1986)  (270,1986)  (226,1940)  (226,1894)  (362,1987)  (316,1803)  (362,1803)  (316,2032)  (270,2032)  (362,2033)  (342,1757)  (224,2037)  (178,2048)  (316,2078)  (270,2078)  (362,2079)  (132,2080)  (224,2083)  (126,2034)  (178,2094)  (94,1988)  (316,2124)  (270,2124)  (362,2125)  (132,2126)  (86,2126)  (86,2080)  (224,2129)  (80,2034)  (178,2140)  (48,1988)  (316,2170)  (270,2170)  (362,2171)  (132,2172)  (86,2172)  (40,2172)  (40,2126)  (40,2080)  (224,2175)  (34,2034)  (178,2186)  (2,1988)  (316,2216)  (270,2216)  (362,2217)  (132,2218)  (86,2218)  (40,2218)  (224,2221)  (178,2232)  (316,2262)  (270,2262)  (362,2263)  (132,2264)  (86,2264)  (40,2264)  (224,2267)  (178,2278)
Red Sea - 39 Sea Zone  (1617,1416)  (1654,1462)  (1582,1370)  (1661,1508)  (1578,1324)  (1726,1539)
South Pacific - 89 Sea Zone  (3843,1532)  (3797,1569)  (3797,1523)  (3843,1486)  (3889,1497)  (3889,1543)  (3787,1477)  (3751,1569)  (3751,1523)  (3935,1497)  (3935,1543)  (3981,1497)  (3981,1543)
Austria-Checkoslovakia  (1315,808)  (1321,759)  (1367,738)  (1415,730)
North Atlantic - 6 Sea Zone  (1904,6)  (1858,16)  (1812,29)
Switzerland  (1110,801)
Indian Ocean - 56 Sea Zone  (1942,2140)  (1896,2185)  (1896,2139)  (1987,2186)  (1942,2094)  (1988,2094)  (1988,2140)  (1894,2093)  (1850,2191)  (1850,2145)  (2033,2186)  (2034,2065)  (2034,2111)  (1848,2099)  (1804,2191)  (1804,2145)  (2079,2157)  (2080,2065)  (2080,2111)  (1802,2099)  (1758,2191)  (1758,2145)  (2125,2157)  (2126,2065)  (2126,2111)  (1756,2099)
Pacific - 66 Sea Zone  (3661,640)  (3615,685)  (3615,639)  (3706,686)  (3661,594)  (3707,594)  (3707,640)  (3613,593)  (3660,731)  (3614,731)  (3708,732)  (3659,548)  (3705,548)  (3582,547)  (3662,777)  (3616,777)  (3726,778)
South Africa  (1368,2166)  (1322,2211)  (1322,2165)  (1392,2212)  (1368,2120)  (1414,2136)  (1320,2119)
Albania  (1379,1003)  (1369,948)
Mid-Atlantic - 19 Sea Zone  (478,1082)  (432,1127)  (432,1081)  (523,1128)  (478,1036)  (524,1036)  (524,1082)  (430,1035)  (386,1155)  (386,1109)  (476,990)  (522,990)  (386,989)
Pacific - 73 Sea Zone  (4076,890)  (4030,935)  (4030,889)  (4121,936)  (4076,844)  (4122,844)  (4122,890)  (4028,843)  (4075,981)  (4029,981)  (4149,982)  (4074,798)  (4020,797)  (4103,1027)  (4057,1027)  (4149,1028)  (4066,752)  (4020,751)  (4066,706)  (4020,705)  (4066,660)  (4020,659)  (4066,614)  (4020,613)  (4066,568)  (4020,567)
Indian Ocean - 52 Sea Zone  (2065,1950)  (2019,1995)  (2019,1949)  (2110,1996)  (2065,1904)  (2111,1904)  (2111,1950)  (2017,1903)  (1973,2018)  (1973,1972)  (2156,1996)  (2157,1861)  (2157,1907)  (1971,1926)  (1971,1880)  (2017,1857)  (1948,1834)  (1927,2018)  (1927,1972)  (2202,1953)  (2202,1999)  (2203,1861)  (2203,1907)  (1925,1926)  (1925,1880)  (1994,1811)  (1902,1834)  (1902,1788)  (1948,1788)  (1994,1765)
Indian Ocean - 60 Sea Zone  (2473,2264)  (2427,2303)  (2427,2257)  (2519,2238)  (2519,2284)  (2381,2303)  (2381,2257)  (2565,2238)  (2565,2284)  (2335,2303)  (2335,2257)  (2289,2303)  (2289,2257)  (2243,2303)  (2243,2257)
Amur  (3174,345)  (3128,390)  (3128,344)  (3210,391)  (3174,299)  (3220,299)  (3259,431)  (3164,436)  (3213,437)  (3129,253)  (3175,253)  (3305,462)  (3259,477)  (3309,508)  (3298,554)
South Atlantic - 23 Sea Zone  (558,1539)  (570,1493)  (571,1413)
Yellow River Region  (2822,822)  (2776,847)  (2841,868)  (2804,776)  (2850,771)  (2905,906)  (2859,914)  (2804,730)  (2850,725)
Pacific Northwest  (4167,628)  (4214,637)  (4263,638)  (4260,591)
Indian Ocean - 47 Sea Zone  (2396,1660)  (2350,1705)  (2350,1659)  (2441,1706)  (2396,1614)  (2442,1614)  (2442,1660)  (2348,1613)  (2304,1744)  (2304,1698)  (2487,1706)  (2488,1598)  (2488,1644)  (2302,1652)  (2302,1606)  (2258,1744)  (2258,1698)  (2533,1690)  (2533,1736)  (2534,1598)  (2534,1644)
Afganastan  (2236,1022)  (2190,1037)
Archangel  (1949,221)  (1903,266)  (1903,220)  (1994,267)  (1949,175)  (1995,175)  (1995,221)  (1901,174)  (1948,312)  (1902,312)  (2007,313)  (1947,129)  (2041,191)  (2041,237)  (1855,198)  (1855,152)  (1901,128)  (1947,83)  (1809,141)
Hungary  (1398,797)  (1447,782)  (1382,839)  (1461,827)  (1435,860)
Murmansk  (1483,76)  (1476,122)  (1478,30)  (1529,43)  (1572,89)
Argentina  (176,1710)  (211,1756)  (165,1756)  (131,1664)  (177,1664)  (223,1663)  (267,1709)  (197,1802)  (151,1802)  (269,1652)  (164,1848)  (148,1894)
Alaska  (3932,257)  (3886,296)  (3886,250)  (3977,303)  (3932,211)  (3978,211)  (3978,257)  (3840,300)  (3992,349)  (3964,165)
Bulgaria  (1528,951)  (1574,927)  (1498,970)
Norway  (1212,223)  (1166,268)  (1166,222)  (1237,177)  (1283,134)  (1135,314)  (1120,268)  (1335,84)
Germany  (1252,550)  (1196,514)  (1201,565)  (1208,778)  (1258,778)  (1157,725)  (1263,726)  (1210,725)  (1152,593)  (1146,676)  (1200,674)  (1243,600)  (1195,624)  (1251,678)
Uzbek  (2215,921)  (2169,936)  (2235,875)  (2261,921)  (2281,855)  (2127,890)  (2123,948)  (2307,929)  (2293,809)
Central America  (-8,1125)
Northern Italy  (1114,898)  (1163,897)  (1132,945)  (1158,994)  (1211,890)  (1065,891)  (1169,848)  (1243,862)
Mediterranean - 31 Sea Zone  (933,1084)  (887,1121)  (887,1075)  (933,1038)  (979,1087)  (877,1029)  (841,1101)  (923,992)  (969,992)  (961,946)  (1099,1088)
Indian Ocean - 57 Sea Zone  (2366,2114)  (2320,2159)  (2320,2113)  (2411,2160)  (2366,2068)  (2412,2068)  (2412,2114)  (2318,2067)  (2274,2191)  (2274,2145)  (2457,2160)  (2458,2065)  (2458,2111)  (2272,2099)  (2228,2191)  (2228,2145)  (2503,2157)  (2504,2065)  (2504,2111)  (2226,2099)  (2182,2191)  (2182,2145)  (2549,2157)  (2550,2065)  (2550,2111)  (2180,2099)
West Indes  (201,1086)
Hawiian Islands  (3944,1213)  (3937,1162)  (3834,1144)
South Pacific - 94 Sea Zone  (4052,1863)  (4006,1895)  (4006,1849)  (4097,1909)  (4052,1817)  (4098,1817)  (4098,1863)  (3991,1803)  (4051,1941)  (3960,1895)  (3960,1849)  (4143,1909)  (4143,1955)  (4097,1955)  (4144,1798)  (4144,1844)  (3945,1803)  (3914,1895)  (3914,1849)  (3899,1803)
South Pacific - 97 Sea Zone  (3675,1942)  (3675,1988)  (3675,2034)  (3675,2080)  (3675,2126)  (3675,2172)  (3675,2218)  (3675,2264)  (3721,1941)  (3721,1987)  (3721,2033)  (3721,2079)  (3721,2125)  (3721,2272)  (3767,1941)  (3767,1987)  (3767,2033)  (3767,2079)  (3767,2252)  (3767,2298)  (3813,2211)  (3813,2257)  (3813,2303)  (3823,2163)  (3858,2117)  (3859,2209)  (3859,2255)  (3859,2301)  (3862,1941)  (3869,2163)  (3904,2083)  (3905,2209)  (3905,2255)  (3905,2301)  (3906,1987)  (3908,1941)  (3915,2129)  (3920,2033)  (3950,2079)  (3951,2175)  (3951,2221)  (3951,2267)  (3952,1987)  (3954,1941)  (3961,2125)  (3966,2033)
Prypet  (1665,606)
Anglo Egypt-Sudan  (1432,1506)  (1386,1551)  (1386,1505)  (1477,1552)  (1432,1460)  (1478,1460)  (1478,1506)  (1384,1459)  (1340,1507)  (1524,1458)  (1434,1559)
North Atlantic - 13 Sea Zone  (547,622)  (501,667)  (501,621)  (592,668)  (547,576)  (593,576)  (593,622)  (455,693)  (513,530)  (559,530)  (409,693)
India  (2349,1169)  (2303,1175)  (2303,1129)  (2389,1215)  (2349,1123)  (2395,1136)  (2343,1221)  (2257,1128)  (2320,1077)  (2441,1142)  (2211,1123)  (2329,1327)  (2283,1348)  (2165,1128)  (2312,1394)
South Pacific - 91 Sea Zone  (4284,1551)  (4238,1596)  (4238,1550)  (4329,1597)  (4284,1505)  (4330,1505)  (4330,1551)  (4236,1504)  (4283,1642)  (4237,1642)  (4354,1643)  (4282,1459)  (4328,1459)  (4200,1458)
Greenland  (527,20)  (481,35)  (566,66)  (573,0)  (520,81)  (563,127)
Indian Ocean - 40 Sea Zone  (1909,1488)  (1863,1533)  (1863,1487)  (1954,1534)  (1909,1442)  (1955,1442)  (1955,1488)  (1845,1579)  (1817,1533)  (1817,1487)  (2000,1534)  (1961,1396)  (2001,1442)  (2001,1488)  (2007,1390)  (1799,1597)
Italian East Africa  (1603,1630)  (1557,1675)  (1557,1629)  (1632,1676)  (1603,1584)  (1649,1597)  (1560,1538)  (1695,1607)
North Atlantic - 7 Sea Zone  (677,444)  (631,484)  (631,438)  (694,490)  (677,398)  (723,398)  (624,392)  (740,498)  (694,536)  (774,544)
Burytia  (3009,385)  (2963,430)  (3024,431)  (2994,339)  (3040,339)  (2978,476)  (2932,476)  (3009,293)  (3055,293)  (2963,522)  (3042,247)
South Pacific - 78 Sea Zone  (3744,1094)  (3744,1140)  (3744,1186)  (3744,1232)  (3790,1093)  (3796,1183)  (3797,1234)  (3851,1245)  (3859,1197)  (3904,1253)  (3964,1264)  (4006,1207)  (4006,1149)  (4002,1097)  (3948,1097)  (3893,1098)  (3851,1097)
Indian Ocean - 41 Sea Zone  (2165,1453)  (2119,1498)  (2119,1452)  (2210,1499)  (2165,1407)  (2211,1407)  (2211,1453)  (2117,1406)  (2164,1544)  (2118,1544)  (2073,1498)  (2073,1452)  (2256,1499)  (2256,1545)  (2210,1545)  (2072,1545)  (2163,1361)  (2071,1406)  (2071,1360)  (2117,1360)  (2163,1315)  (2061,1314)  (2107,1314)  (2069,1268)  (2115,1268)  (2067,1222)  (2113,1222)  (1966,1202)  (2012,1181)  (2058,1176)
Indian Ocean - 55 Sea Zone  (3011,2001)  (2965,2046)  (2965,2000)  (3043,2047)  (3011,1955)  (3057,1955)  (3057,2001)  (2963,1954)  (2997,2092)  (2951,2092)  (3043,2093)  (3009,1909)  (3055,1909)  (3101,1909)  (3103,1955)  (2923,1908)  (3147,1892)  (2997,2138)  (2951,2138)  (3047,2139)  (3149,1938)  (3193,1892)  (3001,2184)  (2955,2184)  (3058,2185)  (3195,1938)
South Pacific - 88 Sea Zone  (3567,1496)  (3567,1542)  (3567,1588)  (3567,1634)  (3567,1680)  (3567,1726)  (3567,1772)  (3567,1818)  (3613,1495)  (3613,1541)  (3613,1587)  (3613,1633)  (3617,1821)  (3616,1766)  (3665,1654)  (3665,1604)  (3664,1554)  (3675,1501)
French West Africa  (835,1460)  (789,1505)  (789,1459)  (880,1506)  (835,1414)  (881,1414)  (881,1460)  (787,1413)  (834,1551)  (788,1551)  (926,1506)  (926,1552)  (880,1552)  (833,1368)  (879,1368)  (927,1378)  (927,1424)  (741,1428)  (741,1382)  (787,1367)  (710,1336)  (834,1597)  (788,1597)  (888,1598)  (695,1383)  (756,1321)  (802,1321)  (690,1290)  (736,1275)
Libya  (1123,1257)  (1169,1290)  (1105,1214)  (1225,1299)  (1282,1312)
Sicily  (1200,1155)  (1155,1143)
Tarim Basin  (2446,896)  (2400,928)  (2400,882)  (2491,942)  (2446,850)  (2492,850)  (2492,896)  (2385,836)  (2354,883)  (2537,942)
Ontario  (45,450)  (0,404)  (46,404)  (91,450)  (92,403)  (102,496)  (0,358)  (137,449)  (148,495)  (148,541)
French Madigascar  (1665,2115)  (1680,2161)  (1659,2069)  (1705,2032)  (1651,2207)
Brazil  (387,1459)  (341,1504)  (341,1458)  (432,1505)  (387,1413)  (433,1414)  (339,1412)  (386,1550)  (340,1550)  (295,1504)  (295,1458)  (478,1460)  (455,1551)  (294,1551)  (293,1412)  (293,1366)  (339,1366)  (409,1596)  (363,1596)  (249,1476)  (317,1597)  (247,1430)  (247,1384)  (223,1338)  (201,1446)  (201,1400)  (177,1354)  (155,1439)  (109,1438)
Kwangtung  (2952,1059)  (2906,1104)  (2906,1058)  (2971,1105)  (2952,1013)  (2998,1013)  (2951,967)  (2997,967)
Colombia-Venezuela  (119,1285)  (73,1330)  (73,1284)  (139,1239)  (165,1285)  (185,1232)  (89,1376)  (27,1365)  (27,1319)  (27,1273)
Pacific - 65 Sea Zone  (3509,650)  (3535,696)  (3489,696)  (3520,604)  (3521,558)  (3373,562)  (3448,515)  (3521,512)  (3370,494)
Sahara  (1044,1299)  (998,1313)  (1090,1322)  (952,1320)  (1136,1352)  (944,1274)  (1182,1353)  (898,1303)  (1228,1350)  (852,1272)  (1244,1396)  (1290,1365)  (1290,1411)  (777,1211)  (1336,1361)
South Pacific - 80 Sea Zone  (4325,1240)  (4354,1286)  (4308,1286)  (4294,1194)  (4340,1194)  (4354,1332)  (4308,1332)  (4294,1148)  (4340,1148)  (4354,1378)  (4308,1378)  (4268,1102)  (4222,1067)  (4268,1056)  (4195,1021)
Indian Ocean - 45 Sea Zone  (1733,1747)  (1687,1792)  (1687,1746)  (1778,1793)  (1733,1701)  (1779,1701)  (1779,1747)  (1641,1825)  (1641,1779)  (1824,1793)  (1740,1655)  (1786,1655)  (1825,1701)  (1825,1747)  (1832,1651)  (1595,1825)
Yugoslavia  (1293,887)  (1259,935)  (1310,939)  (1345,885)  (1438,934)
Hudson Bay - 1 Sea Zone  (192,175)  (146,220)  (146,174)  (205,221)  (230,129)  (238,175)  (276,91)  (159,266)  (113,266)  (100,220)  (212,267)  (284,137)  (67,299)  (265,45)  (311,45)  (328,183)  (166,312)  (120,312)  (214,313)  (374,184)  (401,230)  (498,333)  (506,481)  (539,379)  (545,428)  (552,474)
East Solomons  (3749,1763)
South Pacific - 81 Sea Zone  (3186,1413)  (3190,1466)  (3188,1358)  (3139,1347)  (3195,1300)  (3239,1361)  (3240,1413)  (2991,1423)  (2941,1420)  (2989,1473)  (2937,1475)  (3187,1519)  (3240,1465)  (3238,1516)  (3236,1571)  (3189,1572)
Mid-Atlantic - 22 Sea Zone  (631,1405)  (632,1451)  (643,1497)  (618,1292)  (660,1543)  (618,1246)  (683,1589)  (664,1206)  (729,1632)
Guinea Coast  (1121,1583)  (1075,1616)  (1075,1570)  (1166,1629)  (1167,1581)  (1029,1606)  (1029,1560)  (1212,1627)  (1213,1548)  (1258,1594)  (1258,1640)  (1259,1545)  (953,1609)
Melbourne-Sidney  (3497,2218)  (3451,2263)  (3451,2217)  (3542,2264)  (3497,2172)  (3543,2185)  (3449,2171)  (3405,2261)
Morocco-Algeria  (900,1186)  (854,1188)  (946,1175)  (984,1221)  (808,1160)  (992,1174)  (1038,1163)  (1038,1209)
Novobirsk  (2445,505)  (2399,550)  (2399,504)  (2490,551)  (2445,459)  (2491,459)  (2491,505)  (2397,458)  (2444,596)  (2398,596)  (2353,550)  (2353,504)  (2536,551)  (2491,597)  (2352,597)  (2443,413)  (2489,413)  (2535,413)  (2537,459)  (2537,505)  (2351,458)  (2363,412)  (2581,393)  (2445,642)  (2399,642)  (2307,519)  (2353,643)  (2583,439)  (2583,485)  (2305,473)  (2307,673)  (2389,689)  (2629,403)  (2629,449)  (2629,495)  (2343,719)  (2675,406)  (2675,452)  (2721,399)  (2721,445)
Indian Ocean - 59 Sea Zone  (1981,2276)  (1935,2303)  (1935,2257)  (2027,2238)  (2027,2284)  (1889,2303)  (1889,2257)  (2073,2238)  (2073,2284)  (1843,2303)  (1843,2257)  (2119,2238)  (2119,2284)  (1797,2303)  (1797,2257)  (2165,2238)  (2165,2284)  (1751,2303)  (1751,2257)  (1705,2303)  (1705,2257)
South Atlantic - 29 Sea Zone  (720,2216)  (674,2261)  (674,2215)  (765,2262)  (720,2170)  (766,2170)  (766,2216)  (672,2169)  (628,2303)  (628,2257)  (811,2262)  (812,2127)  (812,2173)  (626,2211)  (626,2165)  (582,2303)  (582,2257)  (857,2219)  (857,2265)  (858,2127)  (858,2173)  (580,2211)  (580,2165)  (536,2303)  (536,2257)  (903,2219)  (903,2265)  (904,2127)  (904,2173)  (534,2211)  (534,2165)  (490,2303)  (490,2257)  (949,2219)  (949,2265)  (950,2127)  (950,2173)  (488,2211)  (488,2165)  (444,2303)  (444,2257)  (442,2211)  (442,2165)
Finland  (1426,250)  (1478,235)  (1427,200)  (1419,153)  (1373,136)  (1412,94)
South Atlantic - 28 Sea Zone  (855,1951)  (809,1996)  (809,1950)  (900,1997)  (855,1905)  (901,1905)  (901,1951)  (807,1904)  (854,2042)  (808,2042)  (763,1996)  (763,1950)  (946,1997)  (946,2043)  (900,2043)  (762,2043)  (853,1859)  (899,1859)  (945,1859)  (947,1905)  (947,1951)  (761,1904)  (761,1858)  (807,1858)  (991,1815)  (992,1997)  (992,2043)  (853,1813)  (899,1813)  (945,1813)  (723,1812)  (769,1812)
South Pacific - 83 Sea Zone  (3496,1239)  (3496,1285)  (3496,1331)  (3652,1241)  (3546,1339)  (3573,1390)  (3573,1437)  (3619,1443)  (3623,1391)  (3621,1337)  (3677,1335)  (3674,1386)  (3679,1434)  (3686,1285)
Bering Sea - 63 Sea Zone  (3732,263)  (3686,308)  (3686,262)  (3763,309)  (3732,217)  (3778,217)  (3717,354)  (3671,354)  (3772,355)  (3749,171)  (3795,171)  (3841,154)  (3726,400)  (3680,400)  (3886,416)  (3819,108)  (3840,445)  (3721,446)  (3675,446)
Pacific - 72 Sea Zone  (3902,960)  (3856,1005)  (3856,959)  (3947,1006)  (3902,914)  (3948,914)  (3948,960)  (3854,913)  (3900,868)  (3946,868)  (3842,867)
Alutians  (3873,349)
Mediterranean - 37 Sea Zone  (1416,1179)  (1542,1126)  (1575,1164)  (1616,1166)
Iran-Iraq  (1810,1186)  (1764,1231)  (1814,1232)  (1858,1162)  (1896,1120)
Northwest Australia  (3295,2076)  (3249,2121)  (3249,2075)  (3340,2122)  (3295,2030)  (3341,2030)  (3341,2076)  (3247,2029)  (3294,2167)  (3248,2167)  (3203,2121)  (3203,2075)  (3386,2122)  (3364,2168)  (3202,2168)  (3293,1984)  (3339,1984)  (3387,2001)  (3387,2047)  (3201,2029)  (3318,2213)  (3272,2213)  (3157,2122)  (3157,2076)  (3432,2093)  (3226,2214)  (3180,2214)  (3156,2168)  (3320,1938)  (3433,2016)  (3134,2236)  (3478,2062)  (3110,2152)  (3479,2016)  (3524,2062)  (3551,2108)